 -1.0
  0.12329439934304D+02  0.19551981901840D+01  0.90682357763357D+01 -0.36281692197651D-04  0.43455521584617D-05 -0.74476842594141D-04
  0.98868587961533D+01  0.52980288301677D+01  0.10311897062354D+02  0.23572964273489D-03 -0.87509586011699D-04  0.60137921119745D-04
  0.15585388222924D+02  0.49003381152003D+01  0.84856227644906D+01  0.15297826960833D-03 -0.54677163288605D-04  0.18898831477144D-03
  0.11343937943985D+02  0.12902340762638D+02  0.20091687137644D+01  0.28189762535361D-03 -0.46099561317694D-04  0.24636221088257D-03
  0.14301407462066D+02  0.12891756592420D+02  0.52827564085014D+01  0.78831058525184D-04 -0.73483230843580D-05 -0.15089494223278D-03
  0.13579376602777D+02  0.14397283184314D+02  0.10795795272419D+02 -0.33266583549565D-03 -0.10278043577699D-03  0.37295281460991D-03
  0.16363767123703D+02  0.14610887495039D+02  0.14047681988604D+02  0.13819758865973D-03  0.84563095598606D-04 -0.69000656023539D-04
  0.10276314050630D+02  0.66315075645033D+01  0.13486403070850D+02 -0.25713940563923D-04 -0.12207453388859D-03  0.15393209895858D-03
  0.10950939018656D+02  0.50331864605889D+01  0.15397129808701D+02 -0.29441521056161D-03 -0.47692241146533D-03  0.30570394963174D-03
  0.10479498298032D+02  0.31011078180622D+01  0.14958755002716D+02  0.54102490792978D-04 -0.26403336167313D-03 -0.11097131053515D-02
  0.11101170076155D+02  0.59467464050709D+01  0.17852343672831D+02  0.29827893623801D-04 -0.20494394533174D-03  0.11545685785356D-03
  0.10913847438492D+02  0.87034515847873D+01  0.18124348015896D+02 -0.16100921188681D-03 -0.13788194888229D-03  0.47652435757486D-03
  0.10173204392913D+02  0.10446849576617D+02  0.16247271877297D+02  0.49774433341606D-04  0.19197352739960D-03  0.71531633267108D-04
  0.97283704386196D+01  0.91898160095987D+01  0.13976067794029D+02 -0.14074870553630D-03  0.10126821078900D-03 -0.95053728692209D-04
  0.92206338062270D+01  0.10502181594968D+02  0.12491875157417D+02  0.19424180488275D-03  0.11676148999744D-02  0.70688537825016D-03
  0.64810852605920D+01  0.44253976589937D+01  0.10972689334884D+02  0.23398981075831D-05  0.25965782132615D-03  0.19509090548183D-03
  0.51858917297585D+01  0.52934768235642D+01  0.13118481509807D+02 -0.25337810956660D-04  0.13242364764994D-03 -0.30482280552128D-04
  0.61517914136743D+01  0.67358130332056D+01  0.14190461784585D+02  0.59321306563767D-03 -0.60703955643456D-03  0.42911031401190D-03
  0.30205410721375D+01  0.41793788303069D+01  0.13900724931481D+02  0.39053739342168D-03 -0.38039398375531D-03  0.13713740295227D-03
  0.19777422153035D+01  0.22300563715253D+01  0.12319080816222D+02 -0.53407114184020D-04 -0.36293465080328D-03 -0.51953560961943D-03
  0.29198292077253D+01  0.20771975662923D+01  0.97983957444674D+01 -0.14613202956197D-03  0.32554961268240D-03  0.40348003892646D-03
  0.53613739016189D+01  0.28070927093530D+01  0.91769945809021D+01  0.15112746499858D-03  0.14438709612668D-03  0.48037643304531D-04
  0.61390053761637D+01  0.23557394353338D+01  0.73511773523559D+01 -0.89918783548841D-03  0.97354971116659D-03 -0.62974867111313D-03
  0.10088905687513D+02  0.79200124120232D+01  0.79811410481927D+01 -0.38779800291654D-03 -0.13321002206980D-03  0.25767169085780D-03
  0.82871943122846D+01  0.81047659813666D+01  0.60748733387574D+01  0.18999393628648D-03 -0.39046774237005D-03 -0.25801023945099D-03
  0.68278013355524D+01  0.66791293418546D+01  0.61576652787686D+01 -0.55839923798845D-03  0.37594819574190D-03  0.58736500438570D-04
  0.83376043352081D+01  0.98051132101093D+01  0.41039134383197D+01  0.21030821791716D-04  0.23097325374099D-03 -0.16606000584608D-03
  0.68338340483952D+01  0.95882457364513D+01  0.27375341946748D+01  0.96124036694225D-03  0.74540831993911D-03 -0.13199783873612D-02
  0.10444839164990D+02  0.11366434294011D+02  0.39770002282080D+01 -0.15745959604844D-03 -0.12135871758706D-03 -0.49712084895665D-03
  0.13695836537699D+02  0.13860972852598D+02  0.28424894472149D+01 -0.84063480448731D-04 -0.42825297901841D-03  0.26572083403690D-03
  0.13428400335948D+02  0.15915394626714D+02  0.26362989335180D+01  0.15047140808937D-02 -0.17886716252122D-03  0.42790330832911D-03
  0.15214787346787D+02  0.13339293571166D+02  0.15130238811563D+01 -0.12013660690104D-02  0.22366149410795D-04 -0.12457365098299D-02
  0.12365588778385D+02  0.11310723260708D+02  0.59047616543329D+01  0.10860006312483D-03  0.10233471066532D-03 -0.18537373219037D-03
  0.12337392624607D+02  0.95048293311780D+01  0.78114460041163D+01  0.77233823317861D-04  0.23670891532888D-03 -0.15097217662230D-03
  0.14435459478190D+02  0.98726742197536D+01  0.97524529746199D+01  0.40118144559879D-03  0.10036729417989D-03 -0.25356913328325D-03
  0.14710628274282D+02  0.12018114666797D+02  0.11112955551923D+02  0.98229997114950D-04  0.46924755430093D-04 -0.13107290322322D-03
  0.15082315651868D+02  0.16135885559520D+02  0.12391108378201D+02  0.17258591229540D-03  0.15765276173262D-03 -0.20478617315291D-03
  0.16438773355292D+02  0.17256261638047D+02  0.11264662713958D+02  0.10035511608974D-02  0.96503188888649D-03  0.15196819136526D-02
  0.13818412443565D+02  0.17347788780828D+02  0.13504440654952D+02 -0.78116685725889D-03 -0.34919104943648D-03 -0.70942301725985D-03
  0.16261085830495D+02  0.12155025951335D+02  0.13214713028954D+02  0.19314679415085D-03 -0.88384230387048D-05 -0.64509209067919D-04
  0.17231822268639D+02  0.10155030317680D+02  0.14225259951804D+02 -0.45360648819460D-04  0.16486698127228D-03 -0.52088858330018D-04
  0.18166241594680D+02  0.10333782029786D+02  0.16033709966984D+02 -0.80299380491323D-03 -0.86657577254357D-03  0.46308236077331D-03
  0.17049773538081D+02  0.77000538111663D+01  0.13012431672255D+02 -0.73829113146667D-05 -0.41896681057550D-03  0.51737034839198D-03
  0.17878494400067D+02  0.62093056550286D+01  0.14128992932498D+02  0.33775527089128D-03  0.47334753214931D-03  0.14869041864105D-02
  0.15726183210242D+02  0.77187494209713D+01  0.10690351605442D+02  0.44584880632620D-04  0.17245724926831D-03  0.28466992065669D-04
  0.16141144390957D+02  0.66151089980381D+01  0.53931370687468D+01 -0.14518288721574D-03 -0.17611036926787D-03 -0.68191751453143D-05
  0.14921815288600D+02  0.59598484329757D+01  0.32632480153234D+01 -0.33483830231972D-04 -0.24583442546997D-03 -0.32067316673646D-04
  0.13646016178633D+02  0.43651871684638D+01  0.32443460538904D+01 -0.10511178993645D-02  0.53984493664142D-03  0.37831378273283D-03
  0.16023723134147D+02  0.66749509427570D+01  0.82818723768148D+00 -0.20165463180729D-03 -0.37191117971637D-03 -0.11784045707928D-03
  0.18213553066643D+02  0.80976384488539D+01  0.76215531685978D+00 -0.17185403641948D-03 -0.13466363284724D-04 -0.15151774839908D-03
  0.19242606816767D+02  0.91833768993190D+01  0.30279701531911D+01 -0.93346616524425D-04 -0.12869718740151D-03  0.13539106858399D-05
  0.18355391222522D+02  0.80869213187593D+01  0.52230469584565D+01 -0.26160541481589D-04  0.25414629531035D-03 -0.80004090074622D-05
  0.19044956295692D+02  0.83666293692305D+01  0.71301747894895D+01 -0.27650644133513D-03 -0.75839642431445D-03  0.24349902374024D-03
  0.18330277642345D+02  0.27782330107693D+01  0.85821475830594D+01  0.96641780651212D-04 -0.18678109887991D-03 -0.28747744844032D-03
  0.18605486637286D+02  0.13332485224240D+01  0.64486571370388D+01 -0.49558066414846D-03  0.24712353336303D-03  0.60789535489746D-04
  0.17412184477339D+02  0.18295931728688D+01  0.48635839772414D+01 -0.14194255175235D-02 -0.13514950690298D-02  0.21095692923580D-03
  0.20755758237605D+02 -0.26718880419623D+00  0.64156167694280D+01  0.29563321336690D-03  0.13950349849932D-03  0.10484913743640D-03
  0.22297053289249D+02 -0.72871318985898D+00  0.86385013660975D+01 -0.26676381389783D-03 -0.42681185940970D-03  0.37739763419906D-03
  0.22052253461247D+02  0.97694492590186D+00  0.10612841564144D+02 -0.16110310622396D-03 -0.63251151890396D-03  0.92366960341073D-04
  0.19919249917047D+02  0.25531176700690D+01  0.10577891561171D+02 -0.21255418913334D-03  0.55395112794141D-03 -0.93975442588951D-04
  0.19480609396970D+02  0.37149795430359D+01  0.12189615683979D+02  0.10123616692132D-02 -0.16573138330970D-02  0.19700446656128D-02
  0.14595633129651D+02  0.27861570405599D+01  0.12102827896754D+02 -0.21107197245859D-03 -0.46283887872115D-04  0.22748177511525D-03
  0.11146535828138D+02  0.47535044724169D+00  0.58045755601397D+01  0.33631399260340D-03  0.43930002010510D-04 -0.47039215852753D-04
  0.15498795511017D+02  0.11671659819226D+01  0.13692485165597D+02  0.50463696687983D-03  0.35572759829161D-03  0.92145738634721D-04
  0.96024680039792D+01  0.10998577533195D+01  0.40615441614187D+01  0.13500811186104D-03  0.21156666361060D-03 -0.46997235223561D-04
  0.14405542412382D+02 -0.16175500961681D+01  0.13258278191779D+02 -0.13346621371537D-03  0.20934807098157D-03  0.31253162775362D-03
  0.15480008411506D+02 -0.29863949114467D+01  0.14362668595875D+02 -0.69824137211224D-03 -0.15382558833386D-02 -0.11982229954067D-02
  0.12474142949025D+02 -0.13472335554554D+01  0.13938951575985D+02 -0.17539147804814D-03 -0.54342274033225D-04  0.30045978973515D-03
  0.14402166484570D+02 -0.17078582195993D+01  0.11206139404623D+02  0.19801096261165D-03 -0.19417450765668D-02  0.35891154824742D-03
  0.92739596881865D+01 -0.87299763879037D+00  0.20336486126149D+01  0.14767200722286D-03  0.45138489223941D-04  0.10812787975483D-03
  0.74547432861614D+01 -0.17303530430846D+01  0.24658109326748D+01  0.18983617230555D-03  0.56674387528314D-03  0.14152394389641D-02
  0.95179004479553D+01 -0.40344590762063D+00  0.46716847789643D-01  0.13653578116576D-02 -0.77130094075482D-03  0.42280044509020D-04
  0.10329873183766D+02 -0.26323022644029D+01  0.20912453540875D+01  0.12909181853127D-02  0.66379802673091D-03 -0.94745181313628D-03
  0.86762512876769D+01  0.31820241573435D+01  0.39982113002497D+01  0.18103905537615D-03 -0.75983892999564D-04  0.29976584705432D-04
  0.16801962205162D+02  0.16640785867515D+01  0.15535648771115D+02 -0.10726656602163D-03  0.15369690252682D-03  0.36121864186370D-03
  0.21658391247679D+02 -0.14393350664246D+01  0.38659134544418D+01 -0.13966493986690D-03  0.33802245827190D-03  0.22497157166529D-03
  0.23837444059143D+02  0.12609164958306D+01  0.12929037118840D+02  0.32749620691065D-04 -0.85834995221712D-04 -0.38515036968281D-03
  0.24125233611266D+02  0.15341823304997D+00  0.34877892813257D+01  0.54967996461430D-03  0.41740270365149D-03 -0.18092883887052D-03
  0.25380908941813D+02 -0.64351544082754D+00  0.49048650046341D+01 -0.11611936524280D-02 -0.15236699436608D-02  0.34515735146021D-03
  0.25067663656548D+02 -0.10348508575966D+00  0.16703501875591D+01 -0.10683881314255D-02  0.28651544737772D-03 -0.10398368559501D-02
  0.24156451140966D+02  0.21579277173019D+01  0.39504728001651D+01  0.64184562917498D-03  0.17364721037904D-03  0.92673602527047D-03
  0.22087186336759D+02 -0.42807594303474D+01  0.36637525880972D+01 -0.10453026943335D-03 -0.46992017653167D-04 -0.88200951278464D-05
  0.23755055233091D+02 -0.50296417295102D+01  0.46140599772654D+01  0.49547843673691D-03 -0.16848283329607D-03 -0.11224956394046D-02
  0.20670784540027D+02 -0.55433769356613D+01  0.44656030502922D+01 -0.51936746724805D-03  0.62428615804827D-03  0.33451043213023D-03
  0.22142640005289D+02 -0.50990399211781D+01  0.17727405165877D+01 -0.82752971310216D-03  0.10464061488570D-02 -0.52485122867736D-03
  0.19867436936604D+02 -0.58646507419972D+00  0.17024898475620D+01 -0.23451015492514D-05 -0.15752906240868D-03  0.13768071847113D-03
  0.17956269520756D+02 -0.12103441501403D+01  0.21425548010050D+01 -0.92621082555908D-03  0.67941854215379D-03 -0.23292115908337D-02
  0.19917629217659D+02  0.14656544431035D+01  0.15353675864899D+01 -0.61611878212685D-03 -0.99296684950269D-04  0.59545468983269D-03
  0.20598869827938D+02 -0.16870983733350D+01  0.12137598666000D+00 -0.54552364889509D-03 -0.18460568394763D-02  0.10107125643692D-02
  0.26452281803202D+02  0.10434980516401D+00  0.12628280176749D+02  0.40476299941344D-05 -0.85917427230489D-04  0.22957892351243D-03
  0.26707983634229D+02 -0.16111940847072D+01  0.11526998251411D+02  0.78658875442454D-03  0.36188103688775D-03 -0.30695439842556D-03
  0.27750734233411D+02  0.14600998249981D+01  0.11784115497805D+02 -0.14866922930315D-02 -0.23524881710790D-03 -0.25469683844179D-02
  0.27322870719088D+02 -0.19151173169034D+00  0.14474547399365D+02 -0.53329340299622D-03 -0.46314417011223D-03  0.42777235274341D-03
  0.22465043316102D+02 -0.26116860497943D+00  0.15100244406987D+02 -0.31482934926117D-03  0.23717492003431D-03 -0.16184363962384D-03
  0.20907884377057D+02  0.95885336396208D+00  0.15668389747863D+02 -0.10478469414412D-02 -0.84462532890502D-03  0.21957251948851D-03
  0.21993818034580D+02 -0.21408270668573D+01  0.14401051393747D+02 -0.35504109044755D-03  0.40400205087682D-03 -0.58950601670984D-03
  0.23434350957493D+02 -0.69812106685341D+00  0.16865460920679D+02 -0.94392649167811D-04  0.49991582466075D-03 -0.21643901151843D-03
  0.23855566939554D+02  0.39968617697241D+01  0.13987689464550D+02  0.13313336088752D-03  0.38503229067920D-03 -0.35841207579096D-03
  0.21950396441786D+02  0.44366016643832D+01  0.14628468332000D+02  0.35022172939461D-03 -0.91236348671634D-03  0.13245768542607D-02
  0.25191763255574D+02  0.39884007932606D+01  0.15555981553370D+02 -0.94150879728039D-04 -0.73727752898028D-03 -0.15298008120645D-03
  0.24201849128038D+02  0.54524424849743D+01  0.12570724178479D+02  0.94089019701460D-03 -0.13445727477174D-02 -0.20317572303314D-02
  0.21197849033785D+02  0.11169896233821D+02  0.31742666188340D+01 -0.34947059097716D-03 -0.28538953946334D-03 -0.18601373085868D-03
  0.23861061945922D+02  0.10028595650137D+02  0.29702837002884D+01 -0.26507459765824D-03  0.84663141801860D-05 -0.44468505396079D-03
  0.24910163679164D+02  0.11366228464496D+02  0.18050797623066D+01 -0.10307251395120D-03  0.86735321170541D-03  0.65226283478755D-03
  0.24840005853827D+02  0.95559359490605D+01  0.47203716931740D+01 -0.15601226415347D-02  0.49147431885713D-03  0.44202496755665D-03
  0.23846687503413D+02  0.83041836666437D+01  0.18453240604873D+01  0.66424502542770D-04 -0.14275909522128D-03 -0.22047579088718D-03
  0.20903575138161D+02  0.13052325805959D+02  0.83044433076230D+00  0.48033659921159D-04 -0.50955608419727D-04  0.45633892973205D-03
  0.18866672636977D+02  0.13197168515845D+02  0.56350342559832D+00 -0.41194256727280D-04 -0.98442586559023D-03  0.56174163618401D-03
  0.21924836235246D+02  0.14836737227130D+02  0.99062176709728D+00 -0.45889267865541D-03  0.25391328432702D-03  0.33903183321074D-03
  0.21522163700413D+02  0.12234545326162D+02 -0.94889185451742D+00 -0.18665522000673D-03 -0.59608376564746D-03  0.62088264667202D-03
  0.20617075022837D+02  0.12665860288586D+02  0.54577081367811D+01  0.53782550773893D-03  0.17857326963860D-03 -0.38570445064539D-03
  0.20558375919319D+02  0.14637909633313D+02  0.48626715373612D+01 -0.55077619229729D-03  0.34174418760834D-03  0.20811734729241D-03
  0.18765322321895D+02  0.12178493440204D+02  0.62091705239446D+01 -0.53191140875401D-04  0.10924587499251D-02 -0.11986194450709D-02
  0.21975277454163D+02  0.12181358226710D+02  0.69262828140268D+01 -0.66072497463281D-03 -0.29101675898881D-03  0.60498168692599D-03
  0.14572171662491D+02  0.62486915155772D+01 -0.16720958461288D+01 -0.25803626471894D-03 -0.13730556989175D-03  0.15246506323303D-03
  0.15479329811401D+02  0.38677667559592D+01 -0.29369886350315D+01  0.20933210201649D-03  0.57553245643653D-03 -0.10361690975215D-03
  0.13938537716999D+02  0.33063689263381D+01 -0.41867911735240D+01 -0.35827897409988D-03  0.77680022224624D-03  0.49384053036015D-03
  0.17309401816227D+02  0.40418502571128D+01 -0.38552302219199D+01  0.41126992482130D-03  0.98742321812455D-05  0.18165647831410D-03
  0.15803882650598D+02  0.23616891538116D+01 -0.15681171763385D+01 -0.77611496405116D-03  0.83800703638453D-03  0.43896102612402D-03
  0.14608172811993D+02  0.86299812115641D+01 -0.33162007656188D+01 -0.22746147552054D-03  0.51709074417585D-03 -0.35821832879241D-03
  0.15198696777408D+02  0.10296514712437D+02 -0.22627316147742D+01  0.13854506161556D-02 -0.98292815531085D-03  0.12569990815474D-02
  0.16085318732479D+02  0.83972846962091D+01 -0.47252631016781D+01 -0.19140421131569D-03 -0.84648719955841D-03 -0.12333850294278D-03
  0.12940211824472D+02  0.92651618398208D+01 -0.43482088583816D+01 -0.11246584289214D-02  0.26529423556186D-03  0.88836286212992D-03
  0.11832714977342D+02  0.59437776961742D+01 -0.12153101804273D+01  0.49523963158031D-03  0.37873327683762D-03  0.47915022051981D-03
  0.11217875166692D+02  0.42784517641227D+01 -0.17483188589419D+00  0.12841160623775D-02 -0.20445108112577D-03  0.34944379893321D-04
  0.11172320485101D+02  0.75726588678897D+01 -0.14509094362470D+00  0.13769268914376D-02  0.10964596360433D-02 -0.39026149695235D-04
  0.10528746589655D+02  0.60389283350954D+01 -0.28097093037555D+01  0.11461903799281D-02  0.12768113401559D-03 -0.78550779305296D-04
  0.14249567827146D+01  0.54782154631430D+00  0.76571712108710D+01 -0.45816976615433D-03 -0.93201903255116D-04  0.23002143214173D-03
  0.17926752713759D+01  0.24085457738437D+01  0.53777478314597D+01 -0.15161274098037D-03  0.97338585400801D-04 -0.23263668949304D-04
  0.11614960376958D+01  0.43454765451177D+01  0.56871093159476D+01 -0.39643448012078D-03  0.10038701710576D-04  0.28518258433201D-04
  0.37915966195699D+01  0.26591475917202D+01  0.49645504404208D+01 -0.22282938405005D-03  0.15795492850670D-02  0.41154776942549D-03
  0.76755426388839D+00  0.15565771661280D+01  0.38057221911495D+01 -0.42237592630534D-03  0.46896598171087D-03 -0.50894109307729D-04
 -0.15362462920182D+01  0.62008093746140D-01  0.79261603492878D+01  0.26308762580690D-04 -0.37845574347306D-03 -0.13258806335245D-03
 -0.27227103078057D+01  0.17343320340965D+01  0.81068053644873D+01 -0.19539900584177D-03 -0.37630002655915D-03 -0.14149199893930D-02
 -0.20868609324270D+01 -0.13482914513231D+01  0.65259181548051D+01 -0.23110788581786D-02 -0.42642008539530D-03  0.74284824339781D-03
 -0.21662448913025D+01 -0.99582191389467D+00  0.95693795890674D+01  0.99008197608709D-03 -0.70161626627998D-03  0.42262428288554D-04
  0.26441932793975D+01 -0.19651974450985D+01  0.68997713924749D+01  0.23210137869751D-03 -0.37321487032107D-03 -0.22279706449491D-03
  0.45788667420939D+01 -0.16621234251302D+01  0.75415228226781D+01  0.57788758137160D-03  0.12858048600758D-02 -0.18689358465730D-02
  0.18021078826323D+01 -0.34887051105984D+01  0.80009508442179D+01  0.18526775631686D-03 -0.27654691245075D-03 -0.12447085795337D-03
  0.24414888564106D+01 -0.24912612010104D+01  0.49188727643928D+01  0.53541055186139D-03 -0.40449663014402D-03 -0.24650318604343D-03
  0.18105350304803D+01  0.51366698256024D+01  0.16278551625978D+02 -0.25936625788674D-03  0.43089480789981D-04  0.32336091818617D-03
  0.97454690311176D+00  0.79216347100057D+01  0.15821208112623D+02 -0.17320602188019D-03  0.64736732493976D-03 -0.23132397428985D-03
  0.22961742528111D+01  0.90321187038365D+01  0.14696301320736D+02  0.13339931400314D-02 -0.17891707155536D-02 -0.10283544008117D-02
 -0.80501188604048D+00  0.80363615690303D+01  0.14793208618737D+02 -0.52906129330961D-03 -0.19512117481459D-03  0.26882133770290D-03
  0.27476807272116D+00  0.88659598658323D+01  0.17514063164242D+02 -0.11205730002702D-02 -0.21200568708414D-03 -0.12343594382985D-03
 -0.35813920382298D+00  0.36121193252950D+01  0.17489094783416D+02  0.27248152106727D-03  0.37981096963868D-03 -0.10468182460003D-03
 -0.85559832684545D+00  0.42888792966672D+01  0.19370847654178D+02 -0.23469774206168D-03 -0.85243258545026D-03  0.22510882879180D-03
 -0.19981464424340D+01  0.38428909294687D+01  0.16261761072261D+02 -0.12715613980605D-03 -0.16981802785955D-02 -0.36881385910973D-04
  0.10117085471480D+00  0.16174959704140D+01  0.17695443901686D+02  0.26347487973804D-03  0.38875970890811D-03  0.30465876289727D-05
  0.40697719878355D+01  0.49879395750516D+01  0.18057898045531D+02 -0.60692406711899D-04 -0.18272695717749D-04 -0.16614655197847D-03
  0.38741463527731D+01  0.56774191111000D+01  0.19991192939216D+02 -0.19495683984113D-03  0.11007787919488D-02 -0.56355414811018D-03
  0.49139417656337D+01  0.31160553547733D+01  0.18099747169917D+02  0.10662943602788D-02  0.43929835780546D-03 -0.11870342104422D-02
  0.57190945896406D+01  0.60896810984312D+01  0.17500858031282D+02 -0.11293535544454D-03  0.48255836482627D-03  0.63642628761348D-03
  0.11061915718518D+02  0.42881631451293D+01  0.20214649045300D+02 -0.46076113220910D-04  0.66254326071877D-04 -0.13823947610616D-03
  0.13841003886751D+02  0.33940082784641D+01  0.20574212339158D+02  0.32333112715845D-03 -0.21289740362964D-03  0.31388307396810D-04
  0.15104137374486D+02  0.49223798201421D+01  0.21132882724138D+02  0.37496217489593D-03 -0.57195210494104D-03  0.93179475436468D-03
  0.14130599132994D+02  0.19839007514375D+01  0.22048293945156D+02  0.78958232875685D-03 -0.17795748227784D-03 -0.23678928275522D-04
  0.14396450301395D+02  0.25472713489763D+01  0.18782898790639D+02 -0.33646916046699D-03 -0.88211853678983D-03  0.13282320684630D-03
  0.97428157016260D+01  0.51588371506960D+01  0.22483152127962D+02 -0.22818040165400D-03  0.13404466609476D-04  0.12629090705811D-03
  0.80361108896945D+01  0.62211199740409D+01  0.22041432870274D+02 -0.49898027613232D-04  0.26592430905920D-03  0.39907348987708D-04
  0.90418472151218D+01  0.35835032311492D+01  0.23614658612511D+02  0.34197508420103D-03 -0.63426539916177D-03 -0.40348364747081D-03
  0.11014432160049D+02  0.62638082954001D+01  0.23658068766965D+02 -0.61562015814622D-03  0.80377011516660D-03 -0.18238757470249D-03
  0.97200706138540D+01  0.18842753827478D+01  0.19055800549304D+02  0.11775578090234D-03 -0.14785782977654D-03 -0.47275076816009D-03
  0.11249611676299D+02  0.88296603388891D+00  0.18113997330716D+02  0.76745825831861D-03  0.11115165149384D-02 -0.80301174870247D-03
  0.88712522980068D+01  0.64607455750864D+00  0.20466889848142D+02 -0.71662834437584D-03  0.68367481104655D-03 -0.22377379186154D-03
  0.81512538578381D+01  0.25048293770722D+01  0.17871850994369D+02 -0.12973652325400D-02  0.14839423188230D-02  0.20638812173311D-02
  0.92377428065883D+01  0.12909688178635D+02  0.16729294301562D+02 -0.14470409667001D-03 -0.30988286847710D-03 -0.12166074250855D-03
  0.11472313965057D+02  0.14627103414887D+02  0.17958211525527D+02  0.85120475379376D-04  0.44079738660080D-03  0.59149989904661D-03
  0.13322161411519D+02  0.14263012761449D+02  0.17129430559521D+02 -0.39942918976844D-03 -0.15487617859193D-02  0.27696196423105D-03
  0.10933923899670D+02  0.16564929355279D+02  0.17506549244116D+02  0.18330932640996D-03  0.66761312467922D-03  0.14138491134443D-02
  0.11716719936759D+02  0.14366783094015D+02  0.19981656114816D+02  0.46076178805981D-03 -0.72141544422845D-03  0.41217478574925D-03
  0.69080792169356D+01  0.12934530416440D+02  0.18383670945000D+02  0.57714007692272D-03  0.10807858648078D-03 -0.74907504078222D-03
  0.52927337563182D+01  0.11689170271724D+02  0.18085712133171D+02  0.88668423906244D-03 -0.72615756083478D-03  0.83136711007051D-03
  0.76184466770813D+01  0.12582420365078D+02  0.20284862589567D+02 -0.14839350643505D-02  0.51352507668624D-03  0.15294239915870D-03
  0.60632712189280D+01  0.14807349492658D+02  0.18371743936401D+02 -0.33139014334346D-02 -0.14145998833018D-02  0.88390930413912D-03
  0.82640896049469D+01  0.14633404049360D+02  0.14368422464472D+02 -0.21641125210616D-03 -0.23894446117945D-03 -0.61313767193756D-04
  0.96687603150674D+01  0.14603184688913D+02  0.12861844493779D+02 -0.43276466793690D-03 -0.58662672947561D-03 -0.25889515758253D-03
  0.64415255146529D+01  0.14068563323304D+02  0.13591404503082D+02 -0.28331404249411D-03  0.41737019035926D-03 -0.39604345610536D-03
  0.82137687787057D+01  0.16551928081342D+02  0.15120204466394D+02  0.66161629887741D-03 -0.29834696308724D-03  0.17183950710379D-03
  0.19395035808428D+02  0.85835155154620D+01 -0.15630742321857D+01 -0.34592044224670D-03 -0.27755607395218D-03  0.94301719230431D-04
  0.11503516675574D+02  0.97998927250680D+01  0.20554377997720D+02 -0.30532964080976D-03 -0.33565192842583D-04 -0.50865084154053D-03
  0.42046005774983D-01  0.84575938359541D+00  0.13297100735417D+02  0.14298532887126D-03 -0.25970032218940D-04  0.34920180093244D-03
  0.24178803691616D+02 -0.24092136791965D+01  0.84091613495632D+01  0.13719618661055D-03  0.23062922746642D-03 -0.27769134722338D-03
  0.72639020510438D+00 -0.17428535324946D+01  0.14081208742336D+02 -0.84643072909506D-04 -0.15279921461252D-05 -0.10311101735248D-04
  0.25009490197811D+01 -0.17377064191461D+01  0.15145136200366D+02  0.77130936221716D-03  0.10959879095991D-02 -0.13697486740836D-02
 -0.73981010550808D+00 -0.25305487524306D+01  0.15312295325397D+02  0.16874477685501D-04 -0.64617507346054D-03 -0.29337891511181D-03
  0.66237061995499D+00 -0.26672487601751D+01  0.12239966354063D+02 -0.55941786555588D-03 -0.27193535448531D-03  0.13835514282104D-03
  0.14205655695582D+02  0.10429551754209D+02  0.20713286168670D+02  0.25095900521590D-03  0.23194912882149D-03  0.65757133199745D-03
  0.15539800336106D+02  0.88653647563410D+01  0.20859198318245D+02  0.37995499913930D-03 -0.27885691945296D-04 -0.21659950035803D-02
  0.14521494651205D+02  0.11592033504862D+02  0.19032219027715D+02 -0.41698370855803D-03 -0.29001512572439D-03  0.15924317201390D-03
  0.14150422318295D+02  0.11687054731608D+02  0.22356372476791D+02 -0.20707133275929D-03  0.11657788748266D-02 -0.52559612589995D-04
  0.23515532855914D+02 -0.48803503124965D+01  0.93564065722413D+01 -0.12936009697331D-04 -0.24696013834355D-04  0.23137705248704D-03
  0.21699945205326D+02 -0.55043076289747D+01  0.85754866837182D+01  0.30127469772892D-03 -0.97302734392054D-03  0.23215893000426D-03
  0.24986687214729D+02 -0.62741872765115D+01  0.89797284308120D+01  0.26314514603969D-03  0.58273042911484D-03 -0.10529994794019D-02
  0.23035658628718D+02 -0.47691898107883D+01  0.11368040174495D+02 -0.14820833884338D-02 -0.86995083242712D-03 -0.42090918384907D-04
  0.21316985041911D+02  0.69634223549011D+01 -0.26709696445531D+01  0.32986093430872D-03 -0.24605195071770D-03 -0.25805378943932D-03
  0.20831769115271D+02  0.65549286430016D+01 -0.46412842511128D+01  0.72843575280815D-03  0.93817319035065D-05 -0.41176462848531D-03
  0.23083937947023D+02  0.80265844214476D+01 -0.26766989974979D+01  0.91376255836902D-04  0.17258682715765D-03 -0.13626256504064D-02
  0.21403435243186D+02  0.51935119619393D+01 -0.15999779293396D+01 -0.15889844738945D-02  0.52510233195197D-04  0.47334484500541D-03
